1,[x],6,2
2,[o],2,7
3,[x],6,3
4,[o],2,2
5,[x],6,6
6,[o],1,2
7,[x],5,8
8,[o],6,7
9,[x],1,5
10,[o],4,6
11,[x],5,0
12,[o],8,0
13,[x],7,0
14,[o],4,0
15,[x],3,1
16,[o],0,5
17,[x],0,8
18,[o],2,8
19,[x],8,8
20,[o],6,8
21,[x],1,6
22,[o],4,2
23,[x],4,8
24,[o],3,8
25,[x],0,6
26,[o],2,1
27,[x],8,5
28,[o],7,7
29,[x],4,4
30,[o],3,4
31,[x],1,4
32,[o],3,3
33,[x],0,1
34,[o],0,3
35,[x],0,0
36,[o],2,0
37,[x],8,1
38,[o],7,5
39,[x],3,6
40,[o],0,2
41,[x],2,6
42,[o],6,0
43,[x],1,1
44,[o],3,5
45,[x],1,7
46,[o],4,3
47,[x],3,0
48,[o],1,0
49,[x],4,1
50,[o],5,5
51,[x],7,6
52,[o],5,2
53,[x],8,6
54,[o],8,2
55,[x],8,7
56,[o],7,4
57,[x],5,4
58,[o],6,5
59,[x],0,7
60,[o],2,3
61,[x],7,1
62,[o],5,3
63,[x],7,2
64,[o],4,7
65,[x],4,5
66,[o],5,6
67,[x],6,1
68,[o],0,4
69,[x],2,5
70,[o],7,8
71,[x],3,7
72,[o],1,3
73,[x],3,2
74,[o],1,8
75,[x],5,7
76,[o],8,3
