1,[x],0,8
2,[o],0,6
3,[x],1,2
4,[o],5,8
5,[x],8,6
6,[o],8,1
7,[x],8,5
8,[o],7,6
9,[x],3,1
10,[o],0,4
11,[x],1,3
12,[o],3,0
13,[x],1,1
14,[o],4,5
15,[x],5,7
16,[o],8,3
17,[x],8,0
18,[o],6,1
19,[x],2,3
20,[o],7,1
21,[x],4,4
22,[o],5,5
23,[x],8,7
24,[o],6,5
25,[x],2,6
26,[o],7,2
27,[x],3,7
28,[o],2,4
29,[x],7,5
30,[o],5,6
31,[x],7,0
32,[o],5,0
33,[x],8,2
34,[o],7,8
35,[x],3,6
36,[o],1,0
37,[x],3,2
38,[o],1,7
39,[x],5,3
40,[o],6,0
41,[x],2,0
42,[o],6,2
43,[x],2,8
44,[o],7,7
45,[x],3,5
46,[o],1,6
47,[x],4,2
48,[o],4,7
49,[x],3,3
50,[o],0,2
51,[x],1,8
52,[o],3,8
53,[x],0,7
54,[o],0,5
55,[x],2,7
56,[o],7,4
