1,[x],5,2
2,[o],6,7
3,[x],0,3
4,[o],1,2
5,[x],3,8
6,[o],2,7
7,[x],8,3
8,[o],8,0
9,[x],7,1
10,[o],4,4
11,[x],3,4
12,[o],1,3
13,[x],5,1
14,[o],8,5
15,[x],7,6
16,[o],5,0
17,[x],8,2
18,[o],7,7
19,[x],4,3
20,[o],3,0
21,[x],0,0
22,[o],0,2
23,[x],0,8
24,[o],0,7
25,[x],2,4
26,[o],6,4
27,[x],2,3
28,[o],6,0
29,[x],0,1
30,[o],1,5
31,[x],4,8
32,[o],5,7
33,[x],8,4
34,[o],6,5
35,[x],1,8
36,[o],3,7
37,[x],2,5
38,[o],8,7
39,[x],7,3
40,[o],4,0
41,[x],3,1
42,[o],0,4
43,[x],1,4
44,[o],4,5
45,[x],5,8
46,[o],8,8
47,[x],7,8
48,[o],4,6
49,[x],4,2
50,[o],5,6
51,[x],7,2
52,[o],3,6
53,[x],1,0
54,[o],4,1
55,[x],3,3
56,[o],2,2
57,[x],6,6
58,[o],1,1
59,[x],3,5
60,[o],2,8
61,[x],6,8
62,[o],0,6
63,[x],2,1
64,[o],6,3
65,[x],2,0
66,[o],7,0
