1,[x],6,7
2,[o],2,3
3,[x],6,0
4,[o],0,2
5,[x],0,8
6,[o],1,6
7,[x],3,2
8,[o],0,6
9,[x],1,0
10,[o],4,2
11,[x],4,7
12,[o],5,4
13,[x],8,5
14,[o],7,8
15,[x],4,6
16,[o],4,0
17,[x],4,1
18,[o],3,4
19,[x],0,3
20,[o],2,0
21,[x],8,2
22,[o],8,8
23,[x],8,6
24,[o],6,1
25,[x],0,5
26,[o],2,8
27,[x],8,7
28,[o],6,3
29,[x],0,0
30,[o],1,1
31,[x],4,4
32,[o],3,3
33,[x],2,1
34,[o],7,5
35,[x],4,8
36,[o],3,6
37,[x],0,1
38,[o],1,5
39,[x],3,8
40,[o],2,6
41,[x],8,0
42,[o],6,2
43,[x],2,7
44,[o],6,5
45,[x],1,8
46,[o],5,7
47,[x],8,3
48,[o],7,2
49,[x],5,6
50,[o],8,1
51,[x],8,4
52,[o],7,3
53,[x],5,0
54,[o],7,1
55,[x],3,5
56,[o],0,7
57,[x],0,4
58,[o],2,4
59,[x],6,4
60,[o],2,5
61,[x],6,8
62,[o],1,7
63,[x],5,3
