1,[x],5,5
2,[o],8,7
3,[x],6,3
4,[o],2,0
5,[x],7,0
6,[o],3,2
7,[x],1,8
8,[o],4,8
9,[x],3,7
10,[o],0,4
11,[x],2,3
12,[o],8,0
13,[x],7,2
14,[o],4,6
15,[x],5,0
16,[o],6,1
17,[x],0,3
18,[o],2,2
19,[x],7,6
20,[o],3,1
21,[x],1,3
22,[o],3,0
23,[x],0,2
24,[o],2,8
25,[x],8,6
26,[o],6,2
27,[x],1,6
28,[o],4,0
29,[x],5,2
30,[o],6,7
31,[x],0,5
32,[o],0,7
33,[x],2,5
34,[o],6,6
35,[x],0,1
36,[o],1,5
37,[x],3,8
38,[o],2,7
39,[x],7,3
40,[o],4,2
41,[x],4,7
42,[o],4,3
43,[x],5,1
44,[o],6,4
45,[x],2,4
46,[o],8,5
47,[x],7,8
48,[o],5,6
49,[x],7,1
50,[o],3,4
51,[x],1,4
52,[o],5,3
53,[x],6,0
54,[o],2,1
55,[x],8,3
56,[o],8,1
57,[x],6,5
58,[o],0,8
59,[x],2,6
60,[o],8,2
61,[x],7,7
