1,[x],7,4
2,[o],4,5
3,[x],4,8
4,[o],4,6
5,[x],3,0
6,[o],2,0
7,[x],6,2
8,[o],2,8
9,[x],6,7
10,[o],1,5
11,[x],5,8
12,[o],8,6
13,[x],7,2
14,[o],3,8
15,[x],1,6
16,[o],5,2
17,[x],6,8
18,[o],1,8
19,[x],5,7
20,[o],7,3
21,[x],4,0
22,[o],5,1
23,[x],8,4
24,[o],6,3
25,[x],0,0
26,[o],0,2
27,[x],2,6
28,[o],6,1
29,[x],2,3
30,[o],7,1
31,[x],4,4
32,[o],3,3
33,[x],2,2
34,[o],7,6
35,[x],3,1
36,[o],1,4
37,[x],5,4
38,[o],6,4
39,[x],2,4
40,[o],7,5
41,[x],4,7
42,[o],3,4
43,[x],2,5
44,[o],8,7
45,[x],8,5
46,[o],8,8
47,[x],7,8
48,[o],3,7
49,[x],0,4
50,[o],1,3
51,[x],3,2
52,[o],0,8
53,[x],2,7
54,[o],6,5
55,[x],0,6
56,[o],1,1
57,[x],3,5
58,[o],1,7
59,[x],4,3
60,[o],4,2
61,[x],3,6
62,[o],2,1
63,[x],8,3
64,[o],8,1
