1,[x],7,8
2,[o],5,6
3,[x],7,2
4,[o],4,6
5,[x],8,8
6,[o],6,6
7,[x],2,1
8,[o],8,3
9,[x],7,0
10,[o],3,2
11,[x],0,7
12,[o],1,5
13,[x],3,6
14,[o],1,0
15,[x],4,0
16,[o],5,2
17,[x],6,7
18,[o],1,4
19,[x],4,5
20,[o],5,7
21,[x],6,5
22,[o],0,6
23,[x],2,2
24,[o],8,6
25,[x],7,2
26,[o],5,8
27,[x],7,7
28,[o],4,4
29,[x],3,5
30,[o],1,6
31,[x],5,1
32,[o],8,4
33,[x],6,3
34,[o],1,2
35,[x],5,6
36,[o],6,2
37,[x],2,6
38,[o],6,1
39,[x],0,5
40,[o],0,8
41,[x],1,7
42,[o],3,4
43,[x],1,3
44,[o],3,1
45,[x],0,4
46,[o],2,5
47,[x],6,8
48,[o],2,8
49,[x],7,8
50,[o],4,6
51,[x],4,2
52,[o],4,8
53,[x],3,8
54,[o],1,8
55,[x],3,7
56,[o],0,3
57,[x],2,0
58,[o],6,0
59,[x],0,2
60,[o],2,7
61,[x],6,4
62,[o],2,3
63,[x],8,2
64,[o],8,7
65,[x],8,5
66,[o],7,6
67,[x],5,0
68,[o],8,0
69,[x],8,1
70,[o],7,5
71,[x],4,7
72,[o],5,4
