1,[x],8,2
2,[o],8,8
3,[x],7,7
4,[o],4,4
5,[x],3,4
6,[o],0,5
7,[x],1,7
8,[o],3,3
9,[x],2,1
10,[o],6,4
11,[x],2,4
12,[o],6,3
13,[x],0,1
14,[o],1,5
15,[x],4,8
16,[o],5,8
17,[x],7,8
18,[o],5,7
19,[x],6,5
20,[o],1,6
21,[x],3,2
22,[o],0,8
23,[x],0,6
24,[o],1,0
25,[x],5,0
26,[o],8,1
27,[x],8,3
28,[o],6,1
29,[x],2,5
30,[o],8,6
31,[x],6,0
32,[o],1,1
33,[x],5,5
34,[o],8,7
35,[x],7,4
36,[o],4,5
37,[x],4,6
38,[o],5,1
39,[x],8,5
40,[o],6,6
41,[x],2,2
42,[o],6,7
43,[x],2,3
44,[o],7,1
45,[x],5,3
46,[o],8,0
47,[x],7,0
48,[o],3,1
49,[x],0,4
50,[o],1,3
51,[x],5,2
52,[o],7,6
53,[x],4,2
54,[o],5,6
55,[x],7,2
56,[o],3,7
57,[x],0,3
58,[o],1,2
59,[x],3,6
60,[o],2,0
61,[x],6,2
62,[o],2,8
63,[x],6,8
64,[o],1,8
