1,[x],0,6
2,[o],0,0
3,[x],0,1
4,[o],1,3
5,[x],4,2
6,[o],4,8
7,[x],5,7
8,[o],8,3
9,[x],8,2
10,[o],8,8
11,[x],6,8
12,[o],1,7
13,[x],4,4
14,[o],5,4
15,[x],8,4
16,[o],6,5
17,[x],2,6
18,[o],6,1
19,[x],1,5
20,[o],3,6
21,[x],1,2
22,[o],4,6
23,[x],5,2
24,[o],8,6
25,[x],8,0
26,[o],8,1
27,[x],6,4
28,[o],2,5
29,[x],6,7
30,[o],2,3
31,[x],6,0
32,[o],1,1
33,[x],4,3
34,[o],3,0
35,[x],0,2
36,[o],0,7
37,[x],0,3
38,[o],2,1
39,[x],6,3
40,[o],2,2
41,[x],6,6
42,[o],1,0
43,[x],4,0
44,[o],3,1
45,[x],2,4
46,[o],7,5
47,[x],5,8
48,[o],7,8
49,[x],5,6
50,[o],7,1
51,[x],5,3
52,[o],7,2
53,[x],3,7
54,[o],0,4
55,[x],1,4
56,[o],3,4
57,[x],0,5
58,[o],2,7
59,[x],7,4
60,[o],3,5
61,[x],1,8
62,[o],3,8
63,[x],0,8
64,[o],1,6
65,[x],3,2
66,[o],2,8
67,[x],7,6
68,[o],5,0
69,[x],7,0
70,[o],5,1
71,[x],7,3
72,[o],4,1
73,[x],4,5
