1,[x],0,8
2,[o],1,8
3,[x],3,8
4,[o],1,6
5,[x],3,0
6,[o],0,1
7,[x],2,3
8,[o],8,1
9,[x],8,5
10,[o],8,8
11,[x],7,7
12,[o],4,4
13,[x],5,5
14,[o],8,6
15,[x],7,2
16,[o],4,8
17,[x],5,6
18,[o],8,0
19,[x],7,0
20,[o],4,0
21,[x],5,1
22,[o],8,4
23,[x],7,3
24,[o],4,1
25,[x],5,4
26,[o],6,4
27,[x],0,4
28,[o],2,5
29,[x],7,8
30,[o],4,6
31,[x],3,1
32,[o],0,5
33,[x],0,6
34,[o],0,0
35,[x],1,1
36,[o],3,3
37,[x],2,1
38,[o],6,3
39,[x],0,2
40,[o],0,7
41,[x],0,3
42,[o],2,0
43,[x],6,0
44,[o],1,0
45,[x],3,2
46,[o],2,6
47,[x],6,2
48,[o],2,7
49,[x],7,5
50,[o],5,7
51,[x],6,5
52,[o],2,8
53,[x],6,8
54,[o],1,7
55,[x],5,3
56,[o],8,2
57,[x],6,6
58,[o],2,2
59,[x],8,7
60,[o],7,4
61,[x],4,3
62,[o],5,0
63,[x],7,1
64,[o],3,4
65,[x],1,3
